1.0 0.1819209 0.03984723 0.05111322
2.0 0.308149 0.05449661 0.0995779
3.0 0.3764906 0.0649161 0.1233292
4.0 0.427966 0.07251515 0.1414678
5.0 0.4695871 0.08018838 0.1546052
6.0 0.5025365 0.08838087 0.1628874
7.0 0.5293189 0.09639717 0.1682623
8.0 0.5506675 0.102673 0.1726607
9.0 0.5681535 0.10669 0.1773868
10.0 0.5829105 0.1086072 0.1828481
11.0 0.5955582 0.1090517 0.1887274
12.0 0.6063874 0.1088353 0.1943584
13.0 0.6156142 0.1086027 0.1992043
14.0 0.6234497 0.1087516 0.2029733
15.0 0.6300824 0.1094566 0.2055845
16.0 0.6357718 0.1106268 0.207259
17.0 0.6408079 0.112055 0.2083489
18.0 0.6454144 0.1135558 0.2091515
19.0 0.6498002 0.1149595 0.2099406
20.0 0.6540992 0.1161834 0.2108662
21.0 0.6583484 0.1172233 0.2119509
22.0 0.6625458 0.1181166 0.2131563
23.0 0.6666514 0.1189265 0.2143993
24.0 0.670591 0.119728 0.2155675
25.0 0.6743052 0.1205689 0.2165837
26.0 0.6777343 0.1214816 0.2173856
27.0 0.6808482 0.1224702 0.2179539
28.0 0.6836325 0.1235213 0.218295
29.0 0.6860503 0.124603 0.2184222
30.0 0.6882714 0.1256892 0.2184465
31.0 0.6901359 0.1267424 0.2183255
32.0 0.6918346 0.1277344 0.2181828
33.0 0.6933475 0.1286472 0.2180266
34.0 0.69472 0.1294684 0.2178916
35.0 0.695987 0.1301946 0.2177989
36.0 0.6971764 0.1308312 0.217757
37.0 0.6983086 0.1313881 0.2177662
38.0 0.6993952 0.1318793 0.2178183
39.0 0.7004464 0.1323186 0.2179046
40.0 0.7014616 0.1327207 0.2180101
41.0 0.7024396 0.1330983 0.2181215
42.0 0.7033786 0.1334595 0.2182298
43.0 0.7042717 0.133812 0.2183239
44.0 0.7051152 0.1341596 0.218398
45.0 0.7059046 0.1345056 0.2184467
46.0 0.706634 0.1348489 0.2184681
47.0 0.7073078 0.1351862 0.2184677
48.0 0.7079238 0.1355151 0.2184468
49.0 0.7084839 0.1358316 0.2184104
50.0 0.7089921 0.1361317 0.2183644
51.0 0.7094524 0.1364128 0.2183134
52.0 0.709865 0.1366721 0.2182604
53.0 0.7102392 0.1369066 0.218213
54.0 0.710576 0.1371173 0.2181707
55.0 0.7108793 0.1373037 0.218136
56.0 0.7111547 0.1374661 0.2181112
57.0 0.7114057 0.1376073 0.2180956
58.0 0.7116329 0.1377279 0.2180885
59.0 0.7118434 0.1378311 0.2180906
60.0 0.7120363 0.1379198 0.2180984
61.0 0.7122133 0.1379968 0.2181099
62.0 0.7123763 0.1380634 0.2181248
63.0 0.7125266 0.1381234 0.2181399
64.0 0.7126628 0.1381779 0.2181535
65.0 0.7127898 0.1382283 0.2181666
66.0 0.7129054 0.1382757 0.218177
67.0 0.7130108 0.1383225 0.2181829
68.0 0.7131066 0.1383689 0.2181844
69.0 0.7131941 0.1384164 0.2181806
70.0 0.7132738 0.1384631 0.2181738
71.0 0.713347 0.1385113 0.2181622
72.0 0.7134125 0.1385588 0.2181474
73.0 0.7134723 0.1386065 0.2181296
74.0 0.7135283 0.1386519 0.2181122
75.0 0.7135789 0.1386994 0.21809
76.0 0.7136242 0.1387442 0.2180679
77.0 0.7136652 0.13879 0.2180426
78.0 0.713701 0.1388315 0.218019
79.0 0.7137335 0.1388739 0.2179929
80.0 0.7137649 0.1389121 0.2179704
81.0 0.7137909 0.1389523 0.2179431
82.0 0.7138161 0.1389861 0.217922
83.0 0.7138394 0.1390206 0.2178991
84.0 0.7138603 0.1390503 0.2178798
85.0 0.7138771 0.1390784 0.2178602
86.0 0.7138984 0.1391038 0.2178454
87.0 0.713911 0.1391275 0.217828
88.0 0.713928 0.1391481 0.2178158
89.0 0.7139394 0.139168 0.2178018
90.0 0.7139524 0.139185 0.2177912
91.0 0.713961 0.1392005 0.21778
92.0 0.7139731 0.1392132 0.2177733
93.0 0.7139772 0.1392278 0.2177608
94.0 0.7139844 0.1392384 0.2177538
95.0 0.7139887 0.1392499 0.2177444
96.0 0.7139917 0.1392581 0.2177378
97.0 0.7139936 0.1392686 0.2177282
98.0 0.7139965 0.1392722 0.2177261
99.0 0.713997 0.1392782 0.2177203
100.0 0.7139997 0.1392784 0.2177215
101.0 0.7140022 0.1392809 0.2177201
102.0 0.7140035 0.1392796 0.2177221
103.0 0.7140059 0.1392795 0.2177234
104.0 0.7140106 0.1392747 0.2177306
105.0 0.7140128 0.1392738 0.2177325
106.0 0.7140172 0.1392686 0.21774
107.0 0.7140222 0.1392663 0.2177447
108.0 0.714026 0.1392614 0.2177516
109.0 0.7140307 0.1392586 0.2177568
110.0 0.7140378 0.1392523 0.2177665
111.0 0.714043 0.1392501 0.2177714
112.0 0.7140497 0.1392444 0.2177804
113.0 0.7140568 0.1392416 0.2177868
114.0 0.7140641 0.1392365 0.2177956
115.0 0.7140726 0.1392336 0.2178027
116.0 0.7140825 0.1392287 0.2178125
117.0 0.71409 0.1392278 0.2178172
118.0 0.7140991 0.1392229 0.2178266
119.0 0.714109 0.1392213 0.2178332
120.0 0.7141176 0.1392178 0.217841
121.0 0.7141252 0.1392176 0.217845
122.0 0.7141345 0.1392144 0.2178528
123.0 0.7141415 0.139215 0.2178558
124.0 0.7141485 0.139212 0.2178623
125.0 0.7141542 0.1392129 0.2178642
126.0 0.7141587 0.1392111 0.2178683
127.0 0.7141616 0.1392122 0.2178686
128.0 0.7141656 0.1392096 0.2178732
129.0 0.7141646 0.139212 0.2178703
130.0 0.7141638 0.13921 0.2178719
131.0 0.7141617 0.1392116 0.2178693
132.0 0.7141575 0.13921 0.2178688
133.0 0.7141506 0.1392117 0.2178636
134.0 0.714145 0.1392095 0.217863
135.0 0.7141362 0.1392118 0.2178563
136.0 0.7141281 0.1392091 0.2178549
137.0 0.7141176 0.1392106 0.2178482
138.0 0.7141091 0.1392075 0.217847
139.0 0.7140978 0.1392088 0.2178401
140.0 0.7140908 0.1392054 0.21784
141.0 0.7140803 0.1392072 0.2178329
142.0 0.7140718 0.1392035 0.2178325
143.0 0.7140623 0.1392047 0.2178264
144.0 0.7140538 0.1392032 0.2178237
145.0 0.7140433 0.1392061 0.2178155
146.0 0.7140353 0.1392048 0.2178128
147.0 0.7140251 0.1392086 0.217804
148.0 0.714016 0.1392073 0.2178007
149.0 0.7140073 0.1392103 0.2177934
150.0 0.7139972 0.1392098 0.2177888
151.0 0.7139864 0.1392128 0.2177804
152.0 0.7139782 0.1392104 0.2177787
153.0 0.7139669 0.1392131 0.2177704
154.0 0.7139585 0.1392102 0.217769
155.0 0.71395 0.1392117 0.2177634
156.0 0.7139402 0.1392092 0.2177609
157.0 0.7139311 0.1392101 0.2177554
158.0 0.713925 0.1392061 0.2177564
159.0 0.7139173 0.1392076 0.2177511
160.0 0.7139119 0.1392038 0.2177521
161.0 0.7139058 0.1392049 0.217748
162.0 0.7139001 0.1392024 0.2177476
163.0 0.713895 0.1392042 0.2177433
164.0 0.7138922 0.1392015 0.2177446
165.0 0.7138876 0.1392045 0.2177393
166.0 0.7138841 0.1392027 0.2177394
167.0 0.7138807 0.1392055 0.2177348
168.0 0.7138782 0.139204 0.2177351
169.0 0.7138749 0.1392071 0.2177303
170.0 0.713874 0.1392048 0.2177322
171.0 0.713872 0.1392077 0.2177283
172.0 0.7138712 0.1392062 0.2177294
173.0 0.7138705 0.1392096 0.2177256
174.0 0.7138712 0.1392086 0.2177269
175.0 0.7138718 0.1392124 0.2177235
176.0 0.7138752 0.1392105 0.2177271
177.0 0.7138774 0.1392137 0.217725
178.0 0.7138827 0.1392111 0.2177302
179.0 0.7138886 0.1392132 0.2177311
180.0 0.7138959 0.1392105 0.2177375
181.0 0.7139031 0.139212 0.2177396
182.0 0.7139152 0.1392078 0.2177498
183.0 0.7139242 0.1392091 0.217753
184.0 0.7139378 0.1392054 0.2177635
185.0 0.7139494 0.139206 0.2177687
186.0 0.7139623 0.1392027 0.2177785
187.0 0.7139749 0.1392034 0.2177841
188.0 0.71399 0.1392004 0.2177946
189.0 0.7140011 0.1392031 0.2177975
190.0 0.7140152 0.1392007 0.2178069
191.0 0.7140282 0.1392021 0.217812
192.0 0.7140394 0.1392014 0.2178183
193.0 0.7140495 0.1392041 0.2178207
194.0 0.7140615 0.1392036 0.2178271
195.0 0.7140684 0.139207 0.2178272
196.0 0.7140777 0.1392074 0.2178315
197.0 0.7140846 0.1392105 0.2178318
198.0 0.7140906 0.139212 0.2178333
199.0 0.7140945 0.1392154 0.2178319
200.0 0.7141 0.1392148 0.2178352
