
200
(
43
44
45
46
47
48
49
50
51
52
54
55
57
58
59
60
61
62
63
65
66
68
69
70
71
72
73
74
118
119
169
175
176
177
182
183
184
185
186
187
188
189
190
193
194
195
199
205
207
325
326
327
328
329
330
332
333
353
354
355
356
357
358
359
360
416
417
418
445
446
462
464
465
467
477
478
484
489
490
491
492
493
495
496
497
498
499
500
693
694
695
696
697
698
699
700
701
702
704
705
706
707
709
942
944
946
948
1170
1368
1556
1558
1560
1562
13222
24211
25150
25965
25968
32895
32896
32897
32899
32900
32901
33104
33105
33106
33224
33325
33329
33330
33331
33332
33333
33334
33335
33345
33346
33347
33348
33349
33350
33351
33352
33353
33356
33357
33358
33364
33366
33368
33727
33778
41514
41515
41524
41525
41526
41528
41529
41530
41531
41560
41561
41562
41563
41564
41565
41566
41889
41890
41891
41892
41894
41896
41897
41898
41899
41900
41904
41905
41906
41907
41908
41909
41915
42853
42855
43055
43056
43057
101981
102945
103570
110219
119907
119911
119912
119913
120124
)
