1 8.155960e-02 9.954840e-02 8.124660e-02 9.646140e-03
2 1.888930e-02 4.705450e-02 2.140530e-02 1.997550e-03
3 1.049510e-02 3.234160e-02 1.224860e-02 4.312660e-04
4 7.924420e-03 2.623300e-02 1.326930e-02 5.143570e-04
5 6.603430e-03 2.165890e-02 9.182020e-03 3.988710e-04
6 5.986290e-03 1.845590e-02 8.395000e-03 3.327050e-04
7 5.410310e-03 1.621650e-02 7.668910e-03 3.018850e-04
8 5.013380e-03 1.433110e-02 7.127620e-03 2.845290e-04
9 4.809040e-03 9.804600e-03 6.742040e-03 2.655090e-04
10 4.659870e-03 8.671440e-03 6.364340e-03 2.424190e-04
11 4.567070e-03 7.694890e-03 5.971470e-03 2.175860e-04
12 4.510200e-03 6.885450e-03 5.577230e-03 1.934600e-04
13 4.446810e-03 6.198170e-03 5.225140e-03 1.719890e-04
14 4.363860e-03 5.614060e-03 4.848550e-03 1.529000e-04
15 4.277080e-03 5.110690e-03 4.506340e-03 1.357290e-04
16 3.282970e-03 4.668130e-03 4.223240e-03 1.211210e-04
17 3.183980e-03 4.276840e-03 3.953160e-03 1.073400e-04
18 3.076470e-03 3.942660e-03 3.709860e-03 9.576550e-05
19 2.969940e-03 3.653780e-03 3.487980e-03 8.565130e-05
20 2.864450e-03 3.407900e-03 3.277610e-03 7.653760e-05
21 2.758990e-03 3.199700e-03 3.068480e-03 6.871620e-05
22 2.659460e-03 3.020810e-03 2.865380e-03 6.222660e-05
23 3.261080e-03 2.864540e-03 2.666600e-03 5.665880e-05
24 3.151420e-03 2.730800e-03 2.474460e-03 1.109460e-04
25 3.045190e-03 2.606580e-03 2.299530e-03 1.050750e-04
26 2.942280e-03 2.494860e-03 2.144970e-03 9.604540e-05
27 2.840880e-03 2.392200e-03 2.006900e-03 8.802350e-05
28 2.741240e-03 2.295590e-03 1.878240e-03 8.083420e-05
29 2.639020e-03 2.203080e-03 1.759740e-03 7.416890e-05
30 2.534660e-03 2.112190e-03 1.645020e-03 6.799320e-05
31 2.427490e-03 2.020820e-03 1.534920e-03 6.219150e-05
32 2.316960e-03 1.926860e-03 1.429380e-03 5.664970e-05
33 2.203420e-03 1.831230e-03 1.328940e-03 5.104480e-05
34 2.088300e-03 1.734410e-03 1.234880e-03 4.594650e-05
35 1.972790e-03 1.636950e-03 1.147810e-03 4.153770e-05
36 1.859750e-03 1.539520e-03 1.066920e-03 3.784520e-05
37 1.750910e-03 1.443000e-03 9.913970e-04 3.508230e-05
38 1.649980e-03 1.349130e-03 9.207410e-04 3.346040e-05
39 1.560210e-03 1.259140e-03 8.541530e-04 3.238240e-05
40 1.483200e-03 1.174790e-03 7.912500e-04 3.137710e-05
41 1.417800e-03 1.097460e-03 7.320050e-04 3.006200e-05
42 1.362010e-03 1.028210e-03 6.772340e-04 2.847820e-05
43 1.310810e-03 9.670980e-04 6.262680e-04 2.677330e-05
44 1.257780e-03 9.119870e-04 5.787460e-04 2.537600e-05
45 1.201230e-03 8.604020e-04 5.347820e-04 2.430830e-05
46 1.141210e-03 6.387180e-04 4.940570e-04 2.340030e-05
47 1.078750e-03 5.974340e-04 4.574010e-04 2.212430e-05
48 1.014050e-03 7.068180e-04 4.226650e-04 2.040190e-05
49 9.476020e-04 6.582900e-04 3.882920e-04 1.867910e-05
50 8.798540e-04 6.090910e-04 3.557690e-04 1.723560e-05
51 8.126650e-04 5.610420e-04 3.255840e-04 1.593190e-05
52 7.470030e-04 5.151220e-04 2.986610e-04 1.484410e-05
53 6.841990e-04 4.724790e-04 2.752050e-04 1.398750e-05
54 6.248500e-04 4.337560e-04 2.550960e-04 1.320210e-05
55 5.692140e-04 3.994920e-04 2.376780e-04 1.248780e-05
56 5.177210e-04 3.694370e-04 2.223440e-04 1.187420e-05
57 4.708990e-04 3.430090e-04 2.083610e-04 1.117000e-05
58 4.288660e-04 3.186980e-04 1.954500e-04 1.054740e-05
59 3.916830e-04 2.958190e-04 1.833370e-04 9.884020e-06
60 3.589210e-04 2.741880e-04 1.720310e-04 9.186760e-06
61 3.300510e-04 2.537860e-04 1.615650e-04 8.509730e-06
62 3.042000e-04 2.346870e-04 1.519740e-04 7.828590e-06
63 2.806750e-04 2.169030e-04 1.430640e-04 7.084540e-06
64 2.590710e-04 2.005160e-04 1.346230e-04 6.492630e-06
65 2.392720e-04 1.855480e-04 1.263470e-04 5.994250e-06
66 2.211110e-04 1.718910e-04 1.181280e-04 5.571360e-06
67 2.044450e-04 1.594690e-04 1.099650e-04 5.281240e-06
68 1.892170e-04 1.481820e-04 1.019750e-04 5.026050e-06
69 1.752410e-04 1.379270e-04 9.431060e-05 4.745340e-06
70 1.624480e-04 1.286100e-04 8.707850e-05 4.507270e-06
71 1.507720e-04 1.201930e-04 8.035090e-05 4.290390e-06
72 1.401680e-04 1.125470e-04 7.422140e-05 4.000360e-06
73 1.304800e-04 1.056120e-04 6.872390e-05 3.750220e-06
74 1.216980e-04 9.931290e-05 6.383960e-05 3.467040e-06
75 1.137120e-04 9.357830e-05 5.956760e-05 5.899650e-06
76 1.063350e-04 8.825130e-05 5.569030e-05 3.373010e-06
77 9.968320e-05 8.348910e-05 5.262930e-05 5.086590e-06
78 9.348220e-05 7.896890e-05 4.960400e-05 2.951930e-06
79 8.791410e-05 7.487070e-05 4.721980e-05 4.514370e-06
80 8.270310e-05 7.093750e-05 4.476260e-05 2.718370e-06
81 7.805100e-05 6.733330e-05 4.280150e-05 4.109890e-06
82 7.366310e-05 6.381430e-05 4.072740e-05 2.602160e-06
83 6.971960e-05 6.054330e-05 3.898110e-05 3.823600e-06
84 6.591630e-05 5.733420e-05 3.709910e-05 2.428030e-06
85 6.243510e-05 5.431320e-05 3.549450e-05 3.455980e-06
86 5.903000e-05 5.135190e-05 3.373740e-05 3.684970e-06
87 5.591790e-05 4.857120e-05 3.212490e-05 2.188060e-06
88 5.288000e-05 4.590600e-05 3.067250e-05 2.935820e-06
89 4.998610e-05 4.328180e-05 2.900200e-05 3.111310e-06
90 4.719500e-05 4.083930e-05 2.747070e-05 3.070450e-06
91 4.456160e-05 3.845820e-05 2.597790e-05 2.928230e-06
92 4.197900e-05 3.618590e-05 2.452530e-05 2.789640e-06
93 3.957840e-05 3.401150e-05 2.311450e-05 2.644880e-06
94 3.716990e-05 3.193230e-05 2.174230e-05 2.548800e-06
95 4.589070e-05 2.994770e-05 2.666310e-05 2.396940e-06
96 4.308930e-05 2.797460e-05 2.509270e-05 2.321080e-06
97 4.052900e-05 2.616670e-05 2.357920e-05 2.226320e-06
98 3.800780e-05 2.451040e-05 2.214690e-05 2.179280e-06
99 3.573420e-05 2.299150e-05 2.077440e-05 2.109490e-06
100 3.354670e-05 2.157990e-05 1.953530e-05 2.063980e-06
101 3.157710e-05 2.028550e-05 1.836860e-05 2.003780e-06
102 2.973850e-05 1.911390e-05 1.735530e-05 1.970210e-06
103 2.810050e-05 1.806240e-05 1.645010e-05 1.921860e-06
104 2.662000e-05 1.713770e-05 1.570060e-05 1.890700e-06
105 2.534220e-05 1.634080e-05 1.505690e-05 1.852330e-06
106 2.416130e-05 1.563740e-05 1.454170e-05 1.835890e-06
107 2.318730e-05 1.504950e-05 1.407610e-05 1.796050e-06
108 2.232680e-05 1.452990e-05 1.371930e-05 1.786790e-06
109 2.159710e-05 1.409790e-05 1.342000e-05 1.766470e-06
110 2.095700e-05 1.371970e-05 1.318490e-05 1.747120e-06
111 2.043830e-05 1.340550e-05 1.297640e-05 1.718010e-06
112 1.988490e-05 1.311730e-05 1.277100e-05 1.696520e-06
113 1.941750e-05 1.288240e-05 1.256250e-05 1.636050e-06
114 1.890870e-05 1.265660e-05 1.236600e-05 1.606140e-06
115 1.847310e-05 1.248160e-05 1.218840e-05 1.569110e-06
116 1.808230e-05 1.234150e-05 1.203060e-05 1.535110e-06
117 1.766480e-05 1.221430e-05 1.186180e-05 1.498430e-06
118 1.728520e-05 1.208700e-05 1.169300e-05 1.450930e-06
119 1.698000e-05 1.197970e-05 1.151730e-05 1.387780e-06
120 1.665720e-05 1.185910e-05 1.134440e-05 1.329710e-06
121 1.639530e-05 1.175250e-05 1.119150e-05 1.272230e-06
122 1.619100e-05 1.164680e-05 1.103620e-05 1.224670e-06
123 1.597940e-05 1.153670e-05 1.089670e-05 1.189760e-06
124 1.584670e-05 1.143160e-05 1.076240e-05 1.155080e-06
125 1.569110e-05 1.131140e-05 1.062310e-05 1.125930e-06
126 1.556810e-05 1.119040e-05 1.048000e-05 1.107400e-06
127 1.541750e-05 1.106740e-05 1.034560e-05 1.094030e-06
128 1.536150e-05 1.094180e-05 1.022760e-05 1.075390e-06
129 1.523630e-05 1.081570e-05 1.009750e-05 1.082650e-06
130 1.517610e-05 1.068900e-05 9.976800e-06 1.079980e-06
131 1.509900e-05 1.055200e-05 9.861360e-06 1.087890e-06
132 1.501150e-05 1.041620e-05 9.733010e-06 1.062120e-06
133 1.488460e-05 1.027430e-05 9.621050e-06 1.049850e-06
134 1.478970e-05 1.013490e-05 9.504930e-06 1.049730e-06
135 1.463190e-05 9.988120e-06 9.394620e-06 1.055170e-06
136 1.450610e-05 9.854410e-06 9.280690e-06 1.036660e-06
137 1.434050e-05 9.711970e-06 9.165010e-06 1.045270e-06
138 1.415840e-05 9.573590e-06 9.026740e-06 9.962770e-07
139 1.402150e-05 9.434610e-06 8.912400e-06 9.741540e-07
140 1.384040e-05 9.287250e-06 8.766660e-06 9.548530e-07
141 1.370560e-05 9.126940e-06 8.634910e-06 9.308940e-07
142 1.356740e-05 8.969960e-06 8.497660e-06 8.983630e-07
143 1.338770e-05 8.807800e-06 8.364600e-06 9.057100e-07
144 1.333220e-05 8.663260e-06 8.247720e-06 8.940470e-07
145 1.322000e-05 8.522900e-06 8.141810e-06 9.035930e-07
146 1.316610e-05 1.093800e-05 8.055160e-06 9.275270e-07
147 1.313510e-05 1.086430e-05 7.963700e-06 9.522430e-07
148 1.310920e-05 1.081000e-05 7.916960e-06 9.837990e-07
149 1.311640e-05 8.264630e-06 7.902650e-06 1.044090e-06
150 1.316910e-05 1.068310e-05 7.938770e-06 1.067540e-06
151 1.316000e-05 1.066980e-05 7.946240e-06 1.088080e-06
152 1.320750e-05 1.068010e-05 7.966060e-06 1.119670e-06
153 1.325850e-05 1.071440e-05 8.006230e-06 1.144820e-06
154 1.328870e-05 1.072850e-05 8.041470e-06 1.145030e-06
155 1.327210e-05 1.073550e-05 8.058500e-06 1.157380e-06
156 1.333370e-05 1.072710e-05 8.084610e-06 1.129760e-06
157 1.324270e-05 1.070910e-05 8.093420e-06 1.108780e-06
158 1.316240e-05 1.067660e-05 8.064280e-06 1.078980e-06
159 1.308310e-05 1.063090e-05 8.031030e-06 1.061180e-06
160 1.296510e-05 1.055920e-05 7.991680e-06 1.025750e-06
161 1.279580e-05 1.048050e-05 7.913650e-06 9.971510e-07
162 1.266990e-05 1.037800e-05 7.848630e-06 9.521840e-07
163 1.248690e-05 1.028260e-05 7.756250e-06 9.204060e-07
164 1.235160e-05 1.015560e-05 7.654060e-06 8.936720e-07
165 1.216840e-05 1.002300e-05 7.538180e-06 8.654230e-07
166 1.196590e-05 9.872870e-06 7.426900e-06 8.653880e-07
167 1.177240e-05 9.713330e-06 7.287270e-06 8.499270e-07
168 1.162810e-05 9.561770e-06 7.187560e-06 8.507300e-07
169 1.144900e-05 9.424530e-06 7.078690e-06 8.482710e-07
170 1.133310e-05 9.305600e-06 6.996430e-06 8.591330e-07
171 1.125370e-05 9.202640e-06 6.929030e-06 8.657560e-07
172 1.115300e-05 9.125420e-06 6.881620e-06 9.140670e-07
173 1.109790e-05 9.063050e-06 6.831480e-06 9.079790e-07
174 1.104870e-05 9.029490e-06 6.814110e-06 9.251290e-07
175 1.100650e-05 9.000820e-06 6.811030e-06 9.245220e-07
176 1.096660e-05 9.002650e-06 6.812700e-06 9.542940e-07
177 1.099830e-05 9.021940e-06 6.844360e-06 9.748430e-07
178 1.100770e-05 9.066310e-06 6.906930e-06 1.018020e-06
179 1.104080e-05 9.115730e-06 6.968510e-06 1.037280e-06
180 1.109340e-05 9.174950e-06 7.052900e-06 1.068140e-06
181 1.114090e-05 9.238350e-06 7.151910e-06 1.075580e-06
182 1.120700e-05 9.302030e-06 7.249320e-06 6.662830e-07
183 1.135100e-05 9.419470e-06 7.409880e-06 1.051450e-06
184 1.132240e-05 9.422300e-06 7.449920e-06 6.759270e-07
185 1.139160e-05 9.495940e-06 7.566340e-06 1.084770e-06
186 1.137740e-05 9.469370e-06 7.578930e-06 6.984110e-07
187 1.142230e-05 9.529780e-06 7.695130e-06 1.106640e-06
188 1.136210e-05 9.469060e-06 7.667000e-06 7.117080e-07
189 1.141850e-05 9.515180e-06 7.735900e-06 1.113400e-06
190 1.134090e-05 9.437670e-06 7.690860e-06 7.108190e-07
191 1.133820e-05 9.460500e-06 7.726770e-06 1.091810e-06
192 1.126440e-05 9.386680e-06 7.649340e-06 6.645160e-07
193 1.122060e-05 9.413140e-06 7.658570e-06 1.027590e-06
194 1.109380e-05 9.337510e-06 7.551690e-06 1.050370e-06
195 1.097320e-05 9.302620e-06 7.469190e-06 1.040720e-06
196 1.089490e-05 9.256410e-06 7.385310e-06 1.003750e-06
197 1.076130e-05 9.218320e-06 7.311260e-06 9.859240e-07
198 1.068120e-05 9.170880e-06 7.218300e-06 9.360740e-07
199 1.058130e-05 9.122140e-06 7.136790e-06 9.012570e-07
200 1.052510e-05 9.052910e-06 7.051120e-06 8.983770e-07
