1.0 0.1939328 -0.008574151 0.1055405
2.0 0.336781 0.0170134 0.1513771
3.0 0.4253682 0.02800771 0.1846764
4.0 0.4939657 0.03588444 0.2110984
5.0 0.5529012 0.04586592 0.2305847
6.0 0.600526 0.05789257 0.2423704
7.0 0.6382362 0.06984511 0.249273
8.0 0.6684882 0.07934574 0.2548984
9.0 0.6929931 0.08524488 0.2612517
10.0 0.713205 0.08757066 0.2690318
11.0 0.7300865 0.08720794 0.2778353
12.0 0.7442613 0.08532198 0.2868086
13.0 0.756278 0.08289579 0.2952432
14.0 0.7665916 0.08056108 0.3027347
15.0 0.7755567 0.07862697 0.3091514
16.0 0.7837299 0.07706104 0.3148039
17.0 0.7912054 0.07583163 0.3197711
18.0 0.7982528 0.07479384 0.3243326
19.0 0.8050321 0.07384771 0.3286683
20.0 0.8116336 0.07293949 0.3328773
21.0 0.8180836 0.0720703 0.3369715
22.0 0.82435 0.07126437 0.3409106
23.0 0.8303248 0.07057515 0.3445873
24.0 0.83591 0.07001779 0.3479372
25.0 0.8412306 0.06958213 0.3510332
26.0 0.8461109 0.06931028 0.3537452
27.0 0.8505399 0.06918845 0.3560815
28.0 0.8545041 0.06919955 0.3580525
29.0 0.8580097 0.06931455 0.3596903
30.0 0.8610927 0.06949529 0.3610511
31.0 0.8637926 0.06971107 0.3621852
32.0 0.8661609 0.06993116 0.3631493
33.0 0.8682559 0.07012564 0.3640023
34.0 0.8701298 0.07027626 0.3647886
35.0 0.8718278 0.0703721 0.3655418
36.0 0.8733969 0.07040517 0.3662933
37.0 0.8748668 0.07037918 0.3670542
38.0 0.8762622 0.07030155 0.3678296
39.0 0.8776001 0.07018249 0.3686176
40.0 0.8788897 0.07003703 0.3694078
41.0 0.8801294 0.06988198 0.3701827
42.0 0.8813234 0.06973082 0.3709309
43.0 0.8824604 0.06960178 0.3716284
44.0 0.8835376 0.06950293 0.3722659
45.0 0.884551 0.06943953 0.372836
46.0 0.8854971 0.06941792 0.3733306
47.0 0.8863703 0.06943833 0.3737468
48.0 0.8871817 0.06949331 0.3740975
49.0 0.8879207 0.06958421 0.3743761
50.0 0.8885966 0.06970112 0.3745972
51.0 0.8892133 0.06983684 0.3747698
52.0 0.8897734 0.0699865 0.3749002
53.0 0.8902776 0.07014468 0.3749941
54.0 0.8907411 0.07030106 0.3750695
55.0 0.8911581 0.07045713 0.3751219
56.0 0.891539 0.07060541 0.3751641
57.0 0.8918855 0.07074464 0.3751981
58.0 0.8922025 0.07087284 0.3752284
59.0 0.8924854 0.07099222 0.3752505
60.0 0.8927506 0.07109614 0.3752791
61.0 0.8929862 0.07119213 0.375301
62.0 0.8931988 0.07127745 0.375322
63.0 0.8933914 0.07135272 0.375343
64.0 0.8935631 0.07142173 0.3753598
65.0 0.8937128 0.0714851 0.3753713
66.0 0.8938494 0.07154187 0.3753828
67.0 0.8939679 0.07159636 0.3753876
68.0 0.8940713 0.07165017 0.3753855
69.0 0.8941606 0.0717017 0.3753786
70.0 0.894239 0.07175394 0.3753655
71.0 0.8943022 0.07180687 0.3753442
72.0 0.8943617 0.07185832 0.3753225
73.0 0.894411 0.07191044 0.3752951
74.0 0.8944509 0.07196533 0.3752601
75.0 0.8944805 0.07201592 0.3752244
76.0 0.8945135 0.07207307 0.3751837
77.0 0.8945334 0.07212244 0.3751443
78.0 0.8945596 0.07217604 0.3751038
79.0 0.8945758 0.07222103 0.3750669
80.0 0.8945942 0.07227089 0.3750262
81.0 0.8946068 0.07230994 0.3749935
82.0 0.8946237 0.07235194 0.3749599
83.0 0.8946336 0.0723852 0.3749316
84.0 0.8946512 0.07241876 0.3749068
85.0 0.8946627 0.07244482 0.3748865
86.0 0.8946757 0.07247111 0.3748667
87.0 0.8946905 0.07249492 0.3748503
88.0 0.8947009 0.07251462 0.3748358
89.0 0.8947119 0.07253269 0.3748233
90.0 0.894726 0.07254755 0.3748155
91.0 0.8947395 0.07256059 0.3748092
92.0 0.8947527 0.07257322 0.3748031
93.0 0.8947652 0.07258396 0.3747986
94.0 0.8947786 0.07259341 0.3747959
95.0 0.8947909 0.07260179 0.3747937
96.0 0.8948071 0.07260783 0.3747957
97.0 0.894821 0.07261487 0.3747956
98.0 0.894836 0.07262131 0.3747967
99.0 0.8948515 0.07262724 0.3747985
100.0 0.8948657 0.07263362 0.3747992
101.0 0.8948806 0.07263875 0.3748015
102.0 0.8948992 0.07264168 0.3748079
103.0 0.8949192 0.07264367 0.3748159
104.0 0.8949381 0.07264597 0.3748231
105.0 0.8949576 0.07264696 0.3748318
106.0 0.8949782 0.07264754 0.3748416
107.0 0.8949987 0.07264739 0.374852
108.0 0.8950213 0.07264602 0.3748646
109.0 0.8950439 0.07264473 0.3748772
110.0 0.8950629 0.07264548 0.374886
111.0 0.8950817 0.07264532 0.3748955
112.0 0.8951012 0.07264466 0.374906
113.0 0.8951164 0.07264543 0.3749128
114.0 0.8951352 0.07264337 0.3749242
115.0 0.8951518 0.07264186 0.3749341
116.0 0.8951664 0.07264086 0.3749424
117.0 0.8951791 0.07263943 0.3749501
118.0 0.8951907 0.07263789 0.3749575
119.0 0.8951996 0.07263617 0.3749636
120.0 0.8952107 0.07263222 0.3749731
121.0 0.8952176 0.07263007 0.3749787
122.0 0.8952236 0.07262775 0.3749841
123.0 0.8952288 0.07262496 0.3749894
124.0 0.8952343 0.07262179 0.3749954
125.0 0.8952359 0.07262049 0.3749975
126.0 0.895241 0.07261737 0.3750031
127.0 0.8952433 0.07261608 0.3750056
128.0 0.8952457 0.07261526 0.3750076
129.0 0.8952465 0.07261551 0.3750077
130.0 0.8952469 0.07261677 0.3750067
131.0 0.8952465 0.07261881 0.3750044
132.0 0.8952481 0.0726208 0.3750032
133.0 0.8952456 0.0726256 0.3749972
134.0 0.8952463 0.07262975 0.3749934
135.0 0.8952451 0.07263543 0.3749871
136.0 0.8952445 0.07264227 0.37498
137.0 0.8952409 0.07265046 0.37497
138.0 0.8952416 0.07265672 0.3749641
139.0 0.8952416 0.07266393 0.3749569
140.0 0.89524 0.07267212 0.3749479
141.0 0.8952392 0.07267933 0.3749402
142.0 0.895238 0.07268665 0.3749323
143.0 0.8952345 0.07269337 0.3749239
144.0 0.8952333 0.07269826 0.3749184
145.0 0.8952294 0.0727033 0.3749114
146.0 0.8952256 0.07270674 0.374906
147.0 0.8952212 0.07270874 0.3749019
148.0 0.8952145 0.072711 0.3748963
149.0 0.8952067 0.07271156 0.3748918
150.0 0.895199 0.07271026 0.3748893
151.0 0.8951905 0.07270805 0.3748872
152.0 0.8951806 0.07270518 0.3748851
153.0 0.895172 0.07269984 0.3748862
154.0 0.8951635 0.07269394 0.3748878
155.0 0.895156 0.07268624 0.3748917
156.0 0.8951493 0.07267801 0.3748966
157.0 0.8951433 0.07266917 0.3749025
158.0 0.8951393 0.07265941 0.3749103
159.0 0.8951349 0.07264992 0.3749175
160.0 0.8951319 0.07264052 0.3749254
161.0 0.8951291 0.07263139 0.3749331
162.0 0.8951286 0.07262172 0.3749426
163.0 0.8951286 0.07261279 0.3749515
164.0 0.8951285 0.07260518 0.3749591
165.0 0.89513 0.0725972 0.3749678
166.0 0.895132 0.07259005 0.374976
167.0 0.8951329 0.07258392 0.3749825
168.0 0.8951357 0.07257771 0.3749901
169.0 0.8951379 0.07257202 0.3749969
170.0 0.8951406 0.07256662 0.3750037
171.0 0.8951441 0.07256095 0.3750111
172.0 0.8951483 0.07255595 0.3750182
173.0 0.8951516 0.07255098 0.3750248
174.0 0.8951581 0.0725448 0.3750342
175.0 0.8951633 0.07253966 0.375042
176.0 0.8951703 0.07253417 0.375051
177.0 0.8951783 0.07252847 0.3750607
178.0 0.8951883 0.07252255 0.3750716
179.0 0.8951969 0.07251811 0.3750803
180.0 0.8952084 0.0725132 0.375091
181.0 0.8952179 0.07251054 0.3750984
182.0 0.8952312 0.07250747 0.3751081
183.0 0.8952417 0.07250599 0.3751148
184.0 0.8952581 0.07250465 0.3751244
185.0 0.8952676 0.07250636 0.3751274
186.0 0.895284 0.0725072 0.3751348
187.0 0.8952961 0.07250969 0.3751384
188.0 0.8953117 0.07251371 0.3751421
189.0 0.895322 0.07251851 0.3751425
190.0 0.8953379 0.07252395 0.375145
191.0 0.8953461 0.07253091 0.3751422
192.0 0.8953583 0.07253881 0.3751403
193.0 0.8953655 0.07254634 0.3751364
194.0 0.8953712 0.07255623 0.3751294
195.0 0.8953758 0.07256567 0.3751222
196.0 0.8953793 0.07257601 0.3751136
197.0 0.8953797 0.07258646 0.3751034
198.0 0.895381 0.07259628 0.3750942
199.0 0.8953799 0.07260595 0.375084
200.0 0.8953769 0.07261611 0.3750724
