
123
(
183
185
193
194
195
196
197
198
199
200
201
202
203
372
373
374
375
376
377
378
379
380
381
389
578
582
590
591
592
593
594
595
596
597
598
599
716
717
718
719
720
721
722
723
724
725
726
732
733
734
735
736
737
47672
81706
81788
81904
82064
82152
85198
85200
85201
85202
85203
85204
85205
85207
85208
85209
85210
85211
85212
85213
85214
85215
85216
85217
85218
85219
85220
85221
85222
85223
85224
85225
85267
85471
85472
85473
85474
85475
85476
85477
85478
85479
85480
85481
85482
85483
85484
85485
85486
85487
85488
85489
85490
85491
85492
85493
85494
85495
85496
85497
85498
85499
85500
85501
85504
120949
121584
122094
122136
122212
)
