
85
(
19603
19612
19613
19614
19615
19616
19617
19618
19619
19620
19621
19622
19629
19630
19631
19632
19633
19634
19635
19636
19637
19638
19711
19717
19718
19720
19731
19732
19733
19735
19736
19737
19738
20221
20222
20223
20596
20779
20780
20781
21011
21041
22133
23050
55802
56071
56073
56276
56321
56322
56323
56324
56325
56326
56327
56774
56951
56952
56955
56961
56963
56965
57026
57080
57081
57082
57086
57089
57143
57144
57145
57146
57289
57290
57360
57367
58379
58380
58411
60444
67195
90624
91821
91823
92045
)
