1 9.128340e-02 9.033520e-02 8.635640e-02 8.495780e-03
2 2.113250e-02 4.360690e-02 3.099260e-02 1.720040e-03
3 1.096890e-02 3.068780e-02 1.701100e-02 3.507190e-04
4 8.209740e-03 2.490900e-02 1.376640e-02 4.169090e-04
5 6.934540e-03 2.061570e-02 1.218810e-02 3.295670e-04
6 6.204850e-03 1.763130e-02 1.132130e-02 2.802320e-04
7 4.244930e-03 1.541190e-02 1.052420e-02 2.554360e-04
8 3.870910e-03 1.354670e-02 9.874140e-03 2.432130e-04
9 3.713980e-03 1.192350e-02 7.222670e-03 2.334990e-04
10 3.644120e-03 1.050750e-02 6.796690e-03 2.155150e-04
11 3.621570e-03 9.311190e-03 6.349470e-03 1.936550e-04
12 3.604900e-03 6.479090e-03 5.936200e-03 1.722120e-04
13 3.586190e-03 5.816480e-03 5.572650e-03 1.539240e-04
14 3.545100e-03 5.246330e-03 5.171320e-03 1.376140e-04
15 3.485910e-03 4.755420e-03 4.816650e-03 1.227690e-04
16 3.411860e-03 4.338090e-03 4.485040e-03 1.100940e-04
17 3.323030e-03 3.978470e-03 4.175540e-03 1.002920e-04
18 3.225490e-03 3.663640e-03 3.892130e-03 9.203850e-05
19 3.131330e-03 3.384230e-03 3.638570e-03 8.421970e-05
20 3.038320e-03 3.141840e-03 3.406610e-03 7.702490e-05
21 2.945110e-03 2.933810e-03 3.168970e-03 7.062330e-05
22 2.847860e-03 2.756540e-03 2.923150e-03 6.462280e-05
23 2.746990e-03 2.605820e-03 2.692520e-03 5.913890e-05
24 2.646140e-03 2.476630e-03 2.485140e-03 5.450040e-05
25 2.544400e-03 2.362120e-03 2.298190e-03 5.077990e-05
26 2.443910e-03 2.257880e-03 2.139600e-03 4.757810e-05
27 2.348670e-03 2.161410e-03 1.996970e-03 4.461280e-05
28 2.255760e-03 2.069460e-03 1.866350e-03 4.160790e-05
29 2.164570e-03 1.980620e-03 1.740340e-03 3.856820e-05
30 2.076100e-03 1.893130e-03 1.618550e-03 7.361300e-05
31 1.987090e-03 1.805190e-03 1.498840e-03 6.859660e-05
32 1.894610e-03 1.716960e-03 1.385670e-03 6.213480e-05
33 1.798600e-03 1.627220e-03 1.279780e-03 5.637250e-05
34 1.698370e-03 1.536390e-03 1.182130e-03 5.133770e-05
35 1.595810e-03 1.444780e-03 1.093720e-03 4.754580e-05
36 1.493350e-03 1.352330e-03 1.013370e-03 4.487420e-05
37 1.392910e-03 1.260090e-03 9.393250e-04 4.276270e-05
38 1.297770e-03 1.168750e-03 8.700690e-04 4.084930e-05
39 1.210400e-03 1.079270e-03 8.037680e-04 3.919450e-05
40 1.133110e-03 9.929830e-04 7.401140e-04 3.741730e-05
41 1.067370e-03 9.116520e-04 6.788140e-04 3.507690e-05
42 1.013160e-03 8.368320e-04 6.202550e-04 3.233580e-05
43 9.682930e-04 7.695930e-04 7.356530e-04 2.916120e-05
44 9.281780e-04 7.091200e-04 6.744140e-04 2.663510e-05
45 8.856230e-04 6.574500e-04 6.178720e-04 2.406350e-05
46 8.383470e-04 6.129390e-04 5.661370e-04 2.167430e-05
47 7.863850e-04 5.744780e-04 5.200030e-04 1.956700e-05
48 7.309610e-04 5.406200e-04 4.791280e-04 1.744430e-05
49 6.737950e-04 5.103370e-04 4.423410e-04 1.604070e-05
50 6.163440e-04 4.826830e-04 3.139980e-04 1.504910e-05
51 5.605170e-04 4.577930e-04 2.890160e-04 1.429140e-05
52 5.077600e-04 4.336340e-04 2.664900e-04 1.337070e-05
53 4.586760e-04 4.101450e-04 2.464050e-04 1.291500e-05
54 4.140540e-04 3.873490e-04 2.281220e-04 1.216940e-05
55 3.740810e-04 3.651980e-04 2.760580e-04 1.166920e-05
56 3.387500e-04 3.427590e-04 2.569680e-04 1.076670e-05
57 3.079040e-04 3.211820e-04 2.391480e-04 9.962960e-06
58 2.814330e-04 3.002430e-04 2.226770e-04 9.533530e-06
59 2.584350e-04 2.798940e-04 1.588560e-04 8.861720e-06
60 2.386490e-04 2.608730e-04 1.477690e-04 8.344190e-06
61 2.213650e-04 2.422980e-04 1.378390e-04 7.443860e-06
62 2.060780e-04 2.244890e-04 1.287940e-04 6.821090e-06
63 1.923610e-04 2.076350e-04 1.200690e-04 6.298100e-06
64 1.794060e-04 1.918620e-04 1.115270e-04 5.947660e-06
65 1.673790e-04 1.771850e-04 1.031340e-04 5.659960e-06
66 1.560680e-04 1.636250e-04 9.514830e-05 5.481290e-06
67 1.452490e-04 1.510760e-04 8.760510e-05 5.449700e-06
68 1.354410e-04 1.395450e-04 1.056610e-04 5.100990e-06
69 1.258050e-04 1.285890e-04 9.776860e-05 4.825770e-06
70 1.170750e-04 1.187500e-04 9.053740e-05 4.488130e-06
71 1.086690e-04 1.098830e-04 8.399100e-05 4.484930e-06
72 1.009560e-04 1.017690e-04 7.791340e-05 4.248160e-06
73 9.361600e-05 9.431880e-05 7.238330e-05 3.815170e-06
74 8.662730e-05 8.741840e-05 6.737980e-05 3.852660e-06
75 8.027380e-05 8.107730e-05 6.278460e-05 3.510070e-06
76 7.427450e-05 7.512960e-05 5.852890e-05 3.562340e-06
77 6.874740e-05 6.959530e-05 5.449850e-05 3.187020e-06
78 6.361470e-05 6.439830e-05 5.079220e-05 3.086170e-06
79 5.881050e-05 5.954280e-05 4.726700e-05 2.905350e-06
80 7.136770e-05 5.495320e-05 4.398130e-05 2.802020e-06
81 6.606820e-05 5.068360e-05 4.095860e-05 2.688280e-06
82 6.135340e-05 4.671220e-05 3.805000e-05 2.485890e-06
83 5.691590e-05 4.301430e-05 3.541640e-05 2.312010e-06
84 5.272080e-05 3.956910e-05 3.287480e-05 2.278530e-06
85 4.902950e-05 3.644750e-05 3.053000e-05 2.164520e-06
86 4.569340e-05 3.357040e-05 2.841020e-05 2.032250e-06
87 4.254160e-05 3.098690e-05 2.643540e-05 1.899010e-06
88 3.979250e-05 2.863550e-05 2.461160e-05 1.879580e-06
89 3.718960e-05 2.658970e-05 2.301370e-05 1.669420e-06
90 3.494090e-05 2.471060e-05 2.147200e-05 1.676410e-06
91 3.293370e-05 2.306720e-05 2.019620e-05 1.484990e-06
92 3.083300e-05 2.156460e-05 1.897570e-05 1.456930e-06
93 2.901340e-05 2.022190e-05 1.785630e-05 1.340610e-06
94 2.730370e-05 1.898440e-05 1.687950e-05 1.249170e-06
95 2.583900e-05 1.787380e-05 1.595610e-05 1.239500e-06
96 2.445230e-05 1.680340e-05 1.510250e-05 1.141020e-06
97 2.308780e-05 1.582680e-05 1.429840e-05 1.131710e-06
98 2.186350e-05 1.484410e-05 1.349400e-05 1.051910e-06
99 2.070840e-05 1.397340e-05 1.282650e-05 1.013530e-06
100 1.967020e-05 1.312810e-05 1.210590e-05 9.394420e-07
101 1.857860e-05 1.234490e-05 1.144290e-05 9.719770e-07
102 1.766120e-05 1.157890e-05 1.084880e-05 8.580120e-07
103 1.676450e-05 1.090860e-05 1.027900e-05 8.463060e-07
104 1.560950e-05 1.338080e-05 9.688230e-06 8.495760e-07
105 1.485310e-05 1.264200e-05 9.076460e-06 7.679450e-07
106 1.414830e-05 1.201240e-05 1.161510e-05 7.700500e-07
107 1.352040e-05 1.138620e-05 1.114800e-05 6.822710e-07
108 1.274010e-05 1.075260e-05 1.057270e-05 7.369730e-07
109 1.204920e-05 1.031360e-05 1.013140e-05 6.747880e-07
110 1.575470e-05 9.847330e-06 9.679580e-06 6.512700e-07
111 1.509680e-05 9.527450e-06 9.386980e-06 6.518000e-07
112 1.430710e-05 9.143780e-06 9.051480e-06 5.975830e-07
113 1.391030e-05 8.869360e-06 8.661940e-06 6.271880e-07
114 1.348640e-05 8.571260e-06 8.413350e-06 6.074840e-07
115 1.301930e-05 8.354000e-06 8.210240e-06 6.044330e-07
116 1.268260e-05 8.136780e-06 8.012750e-06 5.616600e-07
117 1.237440e-05 7.998230e-06 7.819850e-06 5.902930e-07
118 1.210790e-05 7.770330e-06 7.648370e-06 5.950010e-07
119 1.193860e-05 7.652000e-06 7.540490e-06 5.784300e-07
120 1.161140e-05 7.509420e-06 7.353490e-06 5.822040e-07
121 1.130420e-05 7.331880e-06 7.209300e-06 5.471380e-07
122 1.111620e-05 7.147660e-06 7.038340e-06 6.104530e-07
123 1.104140e-05 7.053940e-06 6.967360e-06 5.233180e-07
124 1.069180e-05 6.871520e-06 6.752190e-06 5.545420e-07
125 1.063380e-05 6.716000e-06 6.649960e-06 5.250200e-07
126 1.031580e-05 6.582660e-06 6.520330e-06 5.261140e-07
127 1.035150e-05 6.475860e-06 6.466970e-06 5.297400e-07
128 1.015770e-05 6.286090e-06 6.283460e-06 5.147160e-07
129 9.926150e-06 6.170640e-06 6.156570e-06 5.141950e-07
130 9.702400e-06 6.014640e-06 6.005050e-06 4.835360e-07
131 9.628220e-06 5.895100e-06 5.925880e-06 5.289650e-07
132 9.365240e-06 5.746770e-06 5.763440e-06 4.718180e-07
133 9.129690e-06 5.596610e-06 5.663860e-06 4.749590e-07
134 9.088230e-06 5.465330e-06 5.534330e-06 4.674740e-07
135 8.930370e-06 5.359500e-06 5.463290e-06 5.085440e-07
136 8.580790e-06 5.212290e-06 5.364430e-06 4.834130e-07
137 8.859640e-06 5.120470e-06 5.252650e-06 4.941590e-07
138 8.658590e-06 4.990720e-06 5.201530e-06 5.455950e-07
139 8.511300e-06 4.953280e-06 5.194060e-06 5.670310e-07
140 8.526240e-06 4.878840e-06 5.121390e-06 5.361100e-07
141 8.360930e-06 4.789440e-06 4.999360e-06 5.144770e-07
142 8.119000e-06 4.713360e-06 4.865980e-06 5.314220e-07
143 8.139480e-06 4.641210e-06 4.853350e-06 5.485560e-07
144 7.836010e-06 4.537450e-06 4.747370e-06 5.027520e-07
145 7.974930e-06 4.510870e-06 4.706770e-06 4.989700e-07
146 7.782550e-06 4.424440e-06 4.612590e-06 4.446500e-07
147 7.638820e-06 4.359520e-06 4.518230e-06 4.822030e-07
148 7.473540e-06 4.256950e-06 4.442200e-06 4.591340e-07
149 7.543200e-06 4.173060e-06 5.872830e-06 4.819130e-07
150 7.472940e-06 4.087190e-06 5.749760e-06 4.213040e-07
151 7.327000e-06 4.008990e-06 5.832780e-06 4.763640e-07
152 7.267780e-06 3.900280e-06 5.655900e-06 4.683380e-07
153 7.420890e-06 3.883480e-06 5.767210e-06 4.798790e-07
154 7.066280e-06 3.787470e-06 5.605000e-06 4.786010e-07
155 7.130510e-06 3.750450e-06 5.606380e-06 4.972790e-07
156 6.960730e-06 4.912940e-06 5.528520e-06 4.817220e-07
157 7.090120e-06 4.920630e-06 5.595260e-06 4.617410e-07
158 6.984120e-06 4.864360e-06 5.509410e-06 4.857910e-07
159 6.721590e-06 4.826740e-06 5.396150e-06 5.052460e-07
160 6.798430e-06 4.753580e-06 5.322160e-06 4.710610e-07
161 6.816050e-06 4.739740e-06 5.364080e-06 5.095040e-07
162 6.683630e-06 4.659500e-06 5.313910e-06 4.891110e-07
163 6.835700e-06 4.704100e-06 5.369470e-06 5.237210e-07
164 6.698080e-06 4.621920e-06 5.332390e-06 4.966770e-07
165 6.769200e-06 4.590550e-06 5.321920e-06 3.388820e-07
166 6.705170e-06 4.584410e-06 5.455320e-06 4.881530e-07
167 6.894090e-06 4.627800e-06 5.512000e-06 3.404510e-07
168 6.755340e-06 4.598780e-06 5.519550e-06 4.887460e-07
169 6.701200e-06 4.478250e-06 5.320040e-06 3.066750e-07
170 6.661240e-06 4.519650e-06 5.386190e-06 4.964210e-07
171 6.638710e-06 4.476890e-06 5.369180e-06 5.137450e-07
172 6.541660e-06 4.427570e-06 5.250150e-06 4.845900e-07
173 6.526860e-06 4.446060e-06 5.248280e-06 4.838920e-07
174 6.524100e-06 4.424000e-06 5.177750e-06 4.672620e-07
175 6.321480e-06 4.399830e-06 5.163040e-06 3.025830e-07
176 8.577920e-06 4.408090e-06 5.158370e-06 4.694510e-07
177 8.685870e-06 4.422350e-06 5.119040e-06 4.751220e-07
178 6.363760e-06 4.415400e-06 5.060280e-06 4.589980e-07
179 8.439650e-06 4.349590e-06 5.045180e-06 4.946990e-07
180 8.475020e-06 4.331010e-06 4.944200e-06 4.411530e-07
181 8.518140e-06 4.355210e-06 5.060400e-06 4.771340e-07
182 8.447570e-06 4.300620e-06 4.962260e-06 4.199660e-07
183 8.564720e-06 4.353250e-06 5.016590e-06 4.984350e-07
184 8.586050e-06 4.294570e-06 5.055890e-06 4.489170e-07
185 8.523590e-06 4.281090e-06 5.006490e-06 4.721930e-07
186 8.615890e-06 4.261710e-06 5.063870e-06 4.520600e-07
187 8.578730e-06 4.292610e-06 5.075720e-06 5.045930e-07
188 8.658390e-06 4.226430e-06 5.053690e-06 4.896310e-07
189 8.575650e-06 4.211530e-06 5.091080e-06 4.569110e-07
190 8.484460e-06 4.157050e-06 4.979450e-06 4.881990e-07
191 8.415560e-06 4.157580e-06 5.004440e-06 4.651600e-07
192 8.422760e-06 4.097150e-06 4.894190e-06 4.682750e-07
193 8.387620e-06 4.082330e-06 4.946820e-06 4.709930e-07
194 8.351360e-06 4.010320e-06 4.926640e-06 3.043970e-07
195 8.431420e-06 4.083960e-06 5.084990e-06 3.476750e-07
196 8.721600e-06 4.051830e-06 5.156020e-06 4.715810e-07
197 6.345060e-06 4.078000e-06 5.115990e-06 2.911870e-07
198 8.227870e-06 4.028800e-06 5.004880e-06 4.395410e-07
199 8.532900e-06 4.022010e-06 5.038330e-06 3.769000e-07
200 8.724890e-06 4.065440e-06 5.173180e-06 4.402130e-07
