1.0 0.09465781 -0.02302264 0.07035154
2.0 0.2414028 -0.04716406 0.1678655
3.0 0.3272106 -0.05784698 0.2214523
4.0 0.3913597 -0.06322368 0.2589035
5.0 0.4459887 -0.06451947 0.2875138
6.0 0.4905463 -0.06091814 0.3061913
7.0 0.5258388 -0.05359158 0.316511
8.0 0.5533897 -0.04447354 0.3211684
9.0 0.5752078 -0.03544133 0.3230452
10.0 0.5918428 -0.02846257 0.324384
11.0 0.6049185 -0.02435005 0.3268093
12.0 0.6155382 -0.02304682 0.3308159
13.0 0.624489 -0.02388237 0.3361269
14.0 0.6323 -0.02601455 0.3421646
15.0 0.6393277 -0.02870441 0.3483683
16.0 0.6458363 -0.03146295 0.3543811
17.0 0.652008 -0.03403302 0.360037
18.0 0.6579824 -0.03633474 0.3653259
19.0 0.6638467 -0.03839647 0.3703198
20.0 0.6696605 -0.04024876 0.375079
21.0 0.6754138 -0.04187561 0.3795825
22.0 0.681091 -0.04330419 0.3838497
23.0 0.6866263 -0.04447854 0.3877917
24.0 0.6919627 -0.04538549 0.3913668
25.0 0.6970282 -0.04600402 0.3945181
26.0 0.7017764 -0.04634757 0.3972358
27.0 0.7061675 -0.04645182 0.3995356
28.0 0.7101851 -0.04637165 0.4014642
29.0 0.7138208 -0.04616942 0.4030798
30.0 0.7170403 -0.04591002 0.4044302
31.0 0.7199789 -0.04565915 0.4056486
32.0 0.7226 -0.04545185 0.4067519
33.0 0.7249365 -0.04530842 0.4077767
34.0 0.7270234 -0.04524419 0.4087559
35.0 0.7288997 -0.04526008 0.4097099
36.0 0.7305902 -0.0453416 0.4106367
37.0 0.7321112 -0.04546932 0.4115249
38.0 0.7334931 -0.04562747 0.412374
39.0 0.7347573 -0.04580342 0.4131821
40.0 0.7359063 -0.04597096 0.4139241
41.0 0.7369471 -0.04611871 0.4145923
42.0 0.7378966 -0.04624137 0.4151896
43.0 0.7387478 -0.0463447 0.4157186
44.0 0.7395294 -0.04641578 0.4161805
45.0 0.7402338 -0.04645296 0.4165699
46.0 0.740867 -0.04646618 0.4168997
47.0 0.7414342 -0.0464539 0.417171
48.0 0.7419413 -0.04642243 0.4173931
49.0 0.7423908 -0.04637834 0.4175738
50.0 0.7428045 -0.04632879 0.417731
51.0 0.7431642 -0.04627488 0.417857
52.0 0.7434823 -0.04622398 0.4179651
53.0 0.7437714 -0.04618697 0.4180727
54.0 0.7440391 -0.04616253 0.4181821
55.0 0.744267 -0.04614268 0.4182762
56.0 0.7444804 -0.04613441 0.4183746
57.0 0.7446821 -0.04613503 0.4184761
58.0 0.7448653 -0.04613532 0.4185679
59.0 0.745035 -0.04613533 0.4186528
60.0 0.7451963 -0.0461396 0.4187377
61.0 0.745342 -0.04614066 0.4188117
62.0 0.7454743 -0.04613543 0.4188726
63.0 0.7455985 -0.04612661 0.4189259
64.0 0.7457137 -0.04611582 0.4189727
65.0 0.7458274 -0.04610531 0.419019
66.0 0.745922 -0.04608451 0.4190455
67.0 0.7460051 -0.0460635 0.4190661
68.0 0.7460905 -0.04604836 0.4190936
69.0 0.7461699 -0.04603163 0.4191166
70.0 0.7462346 -0.04601077 0.4191281
71.0 0.7462964 -0.04599733 0.4191455
72.0 0.7463579 -0.04598828 0.4191672
73.0 0.7464201 -0.04598204 0.4191921
74.0 0.7464722 -0.04597391 0.41921
75.0 0.7465196 -0.04596752 0.4192273
76.0 0.7465572 -0.04596261 0.4192412
77.0 0.7466048 -0.04596683 0.4192692
78.0 0.7466471 -0.04596841 0.4192919
79.0 0.7466776 -0.04596407 0.4193029
80.0 0.7467035 -0.04596355 0.4193153
81.0 0.7467416 -0.04597173 0.4193425
82.0 0.7467698 -0.04597248 0.4193574
83.0 0.7467895 -0.04597013 0.4193649
84.0 0.7468159 -0.04597397 0.4193819
85.0 0.7468458 -0.04597738 0.4194003
86.0 0.7468636 -0.04597491 0.4194067
87.0 0.7468862 -0.0459772 0.4194203
88.0 0.7469062 -0.04597831 0.4194314
89.0 0.7469232 -0.04597758 0.4194392
90.0 0.7469367 -0.04597605 0.4194444
91.0 0.7469535 -0.04597755 0.4194543
92.0 0.7469607 -0.04597751 0.4194578
93.0 0.7469755 -0.04598313 0.4194709
94.0 0.7469829 -0.04598381 0.4194753
95.0 0.7469873 -0.04598636 0.41948
96.0 0.7469943 -0.04599298 0.4194901
97.0 0.7470109 -0.04600253 0.419508
98.0 0.7470129 -0.04600409 0.4195105
99.0 0.7470095 -0.04600786 0.4195126
100.0 0.7470255 -0.04602115 0.4195339
101.0 0.7470416 -0.04602838 0.4195492
102.0 0.7470345 -0.0460243 0.4195415
103.0 0.7470427 -0.04603322 0.4195546
104.0 0.747055 -0.04604019 0.4195677
105.0 0.7470621 -0.04604065 0.4195717
106.0 0.7470614 -0.04603774 0.4195684
107.0 0.7470732 -0.0460412 0.4195778
108.0 0.7470757 -0.04603925 0.4195771
109.0 0.7470812 -0.04604096 0.4195816
110.0 0.7470901 -0.0460426 0.4195876
111.0 0.747097 -0.04604143 0.4195899
112.0 0.7470971 -0.04603994 0.4195885
113.0 0.747106 -0.04604652 0.4195995
114.0 0.7471146 -0.04605143 0.4196087
115.0 0.7471168 -0.04605306 0.4196115
116.0 0.7471184 -0.04605685 0.419616
117.0 0.7471287 -0.04606614 0.4196305
118.0 0.7471284 -0.04606889 0.4196331
119.0 0.7471314 -0.04607511 0.4196408
120.0 0.7471369 -0.04608237 0.4196508
121.0 0.7471411 -0.04608774 0.4196583
122.0 0.7471366 -0.04608846 0.4196568
123.0 0.7471423 -0.04609517 0.4196663
124.0 0.7471483 -0.04610051 0.4196747
125.0 0.7471543 -0.04610436 0.4196815
126.0 0.7471453 -0.04609882 0.4196715
127.0 0.747149 -0.04610042 0.4196749
128.0 0.7471551 -0.04610162 0.4196792
129.0 0.7471547 -0.04609872 0.4196761
130.0 0.7471493 -0.04609403 0.4196687
131.0 0.7471537 -0.04609394 0.4196708
132.0 0.7471505 -0.04608969 0.419665
133.0 0.7471543 -0.04609122 0.4196684
134.0 0.7471574 -0.04609065 0.4196694
135.0 0.7471502 -0.0460867 0.4196618
136.0 0.7471462 -0.04608857 0.4196617
137.0 0.747163 -0.04609928 0.4196808
138.0 0.7471505 -0.04609237 0.4196676
139.0 0.7471391 -0.04609277 0.4196623
140.0 0.7471518 -0.04610675 0.4196827
141.0 0.7471549 -0.04611141 0.4196889
142.0 0.7471387 -0.04610597 0.4196753
143.0 0.7471416 -0.04611319 0.419684
144.0 0.7471453 -0.04611722 0.4196899
145.0 0.7471401 -0.04611725 0.4196873
146.0 0.747138 -0.04611852 0.4196875
147.0 0.7471424 -0.04611941 0.4196906
148.0 0.7471352 -0.04611313 0.4196807
149.0 0.7471338 -0.0461121 0.419679
150.0 0.747135 -0.04611009 0.4196776
151.0 0.7471303 -0.0461038 0.419669
152.0 0.7471242 -0.04609865 0.4196608
153.0 0.7471286 -0.04609938 0.4196637
154.0 0.7471255 -0.04609397 0.4196567
155.0 0.7471168 -0.04608841 0.4196468
156.0 0.7471178 -0.04609173 0.4196506
157.0 0.7471278 -0.0460991 0.419663
158.0 0.7471236 -0.04609681 0.4196586
159.0 0.7471209 -0.04609927 0.4196597
160.0 0.7471297 -0.04610928 0.4196741
161.0 0.7471389 -0.0461176 0.4196871
162.0 0.7471304 -0.04611631 0.4196815
163.0 0.7471349 -0.04612419 0.4196916
164.0 0.7471504 -0.0461349 0.4197101
165.0 0.7471538 -0.04613655 0.4197134
166.0 0.747143 -0.04613214 0.4197037
167.0 0.7471512 -0.04613772 0.4197133
168.0 0.7471564 -0.04613731 0.4197155
169.0 0.7471537 -0.04613236 0.4197092
170.0 0.7471526 -0.04612756 0.4197038
171.0 0.7471526 -0.04612264 0.419699
172.0 0.7471485 -0.04611735 0.4196916
173.0 0.7471581 -0.04611783 0.4196969
174.0 0.7471568 -0.04610901 0.4196874
175.0 0.7471429 -0.04609711 0.4196686
176.0 0.7471453 -0.04609839 0.419671
177.0 0.7471554 -0.04610161 0.4196793
178.0 0.7471461 -0.04609403 0.4196671
179.0 0.7471437 -0.04609415 0.419666
180.0 0.7471492 -0.04609893 0.4196735
181.0 0.7471487 -0.04610144 0.4196758
182.0 0.7471498 -0.04610671 0.4196816
183.0 0.7471548 -0.04611325 0.4196906
184.0 0.7471492 -0.04611373 0.4196883
185.0 0.7471508 -0.04611989 0.4196953
186.0 0.7471538 -0.04612523 0.4197021
187.0 0.7471511 -0.04612658 0.4197021
188.0 0.7471486 -0.04612838 0.4197027
189.0 0.7471554 -0.0461327 0.4197104
190.0 0.7471488 -0.04612689 0.4197013
191.0 0.7471456 -0.04612352 0.4196963
192.0 0.7471463 -0.04612204 0.4196952
193.0 0.7471506 -0.04612046 0.4196957
194.0 0.7471393 -0.04610848 0.4196781
195.0 0.747132 -0.04610259 0.4196686
196.0 0.7471416 -0.04610542 0.4196762
197.0 0.7471466 -0.04610218 0.4196755
198.0 0.7471269 -0.04608902 0.4196525
199.0 0.7471236 -0.04609161 0.4196534
200.0 0.7471391 -0.0461013 0.4196709
